Coverage Report by instance with details

=================================================================================
=== Instance: /top/dut/mem_inst
=== Design Unit: work.axi4_memory
=================================================================================
Statement Coverage:
    Enabled Coverage              Bins      Hits    Misses  Coverage
    ----------------              ----      ----    ------  --------
    Statements                       7         7         0   100.00%

================================Statement Details================================

Statement Coverage for instance /top/dut/mem_inst --

    Line         Item                      Count     Source 
    ----         ----                      -----     ------ 
  File axi_memory.v
    23              1                      88342     
    25              1                        173     
    28              1                      20866     
    30              1                      45440     
    36              1                          1     
    36              2                       1024     
    37              1                       1024     

=================================================================================
=== Instance: /top/dut
=== Design Unit: work.axi4
=================================================================================
Statement Coverage:
    Enabled Coverage              Bins      Hits    Misses  Coverage
    ----------------              ----      ----    ------  --------
    Statements                      90        90         0   100.00%

================================Statement Details================================

Statement Coverage for instance /top/dut --

    Line         Item                      Count     Source 
    ----         ----                      -----     ------ 
  File axi4.v
    61              1                        178     
    62              1                        176     
    65              1                        739     
    66              1                        767     
    69              1                      42302     
    70              1                      44528     
    103             1                     179627     
    106             1                        269     
    107             1                        269     
    108             1                        269     
    109             1                        269     
    111             1                        269     
    112             1                        269     
    113             1                        269     
    114             1                        269     
    115             1                        269     
    118             1                        269     
    119             1                        269     
    120             1                        269     
    121             1                        269     
    122             1                        269     
    123             1                        269     
    126             1                        269     
    127             1                        269     
    128             1                        269     
    129             1                        269     
    130             1                        269     
    131             1                        269     
    132             1                        269     
    133             1                        269     
    134             1                        269     
    135             1                        269     
    141             1                     179358     
    142             1                     179358     
    149             1                      94250     
    150             1                      94250     
    151             1                      94250     
    155             1                        651     
    156             1                        651     
    157             1                        651     
    158             1                        651     
    159             1                        651     
    161             1                        651     
    162             1                        651     
    168             1                        651     
    169             1                        651     
    177             1                      20866     
    178             1                      20866     
    179             1                      20866     
    180             1                      20866     
    185             1                        651     
    186             1                        651     
    190             1                        213     
    192             1                        438     
    194             1                        651     
    197             1                      41577     
    198             1                      41577     
    205             1                        651     
    206             1                        651     
    207             1                        651     
    208             1                        651     
    220             1                      89099     
    221             1                      89099     
    222             1                      89099     
    226             1                        681     
    227             1                        681     
    228             1                        681     
    229             1                        681     
    230             1                        681     
    232             1                        681     
    233             1                        681     
    240             1                        455     
    241             1                        455     
    243             1                        681     
    246             1                        681     
    252             1                      46678     
    253             1                      46678     
    254             1                      46678     
    255             1                      46678     
    257             1                      42218     
    258             1                      42218     
    261             1                      88896     
    262             1                      88896     
    265             1                      44448     
    270             1                      43767     
    271             1                      43767     
    275             1                      22884     
    276             1                      22884     
    282             1                        681     
    283             1                        681     


Total Coverage By Instance (filtered view): 100.00%

